"ABOUT"
"ABOVE"
"AFTER"
"AGAIN"
"ALL"
"AM"
"AMONG"
"AN"
"AND"
"ANY"
"ARE"
"AS"
"AT"
"BE"
"BECAUSE"
"BEEN"
"BEFORE"
"BEING"
"BELOW"
"BETWEEN"
"BOTH"
"BUT"
"BY"
"CAN"
"DID"
"DO"
"DOES"
"DOING"
"DOWN"
"DURING"
"EACH"
"FEW"
"FOR"
"FROM"
"FURTHER"
"HAD"
"HAS"
"HAVE"
"HAVING"
"HE"
"HER"
"HERE"
"HERS"
"HERSELF"
"HIM"
"HIMSELF"
"HIS"
"HOW"
"IF"
"IN"
"INTO"
"IS"
"IT"
"ITS"
"ITSELF"
"JUST"
"ME"
"MORE"
"MOST"
"MY"
"MYSELF"
"NO"
"NOR"
"NOT"
"NOW"
"OF"
"OFF"
"ON"
"ONCE"
"ONLY"
"OR"
"OTHER"
"OUR"
"OURS"
"OURSELVES"
"OUT"
"OVER"
"OWN"
"SAME"
"SHE"
"SHOULD"
"SO"
"SOME"
"SUCH"
"THAN"
"THAT"
"THE"
"THEIR"
"THEIRS"
"THEM"
"THEMSELVES"
"THEN"
"THERE"
"THESE"
"THEY"
"THIS"
"THOSE"
"THROUGH"
"TO"
"TOO"
"UNDER"
"UNTIL"
"UP"
"VERY"
"WAS"
"WE"
"WERE"
"WHAT"
"WHEN"
"WHERE"
"WHICH"
"WHILE"
"WHO"
"WHOM"
"WHY"
"WITH"
"YOU"
"YOUR"
"YOURS"
"YOURSELF"
"YOURSELVES"
